14 1 14 1 14 14 14 14 14 14 14 14 14 14 14 14 14 1 14 1 14 14 14 14 14 14 14 14 14 14 14 14 14 1 14 1 14 14 14 14 14 14 14 14 14 14 14 14 14 14
14 14 14 14 14 14 14 14 14 14 14 14 14 14 14 14 14 1 14 1 14 14 14 14 14 14 14 14 14 14 14 14 14 1 14 1 14 14 14 14 14 14 14 14 14 14 14 14 14 14
14 14 2 14 14 14 14 14 14 14 14 14 14 14 14 14 14 1 14 1 14 14 14 14 14 14 14 14 14 14 14 14 14 1 14 1 14 14 14 14 14 14 14 14 14 14 14 14 14 14
14 14 14 14 14 14 14 14 14 14 14 14 14 14 14 14 14 1 14 1 14 14 14 14 14 14 14 14 14 14 14 14 14 1 14 1 14 14 14 14 14 14 14 14 14 14 14 14 14 14
14 14 14 14 14 1 14 14 14 14 14 14 14 14 14 14 14 1 14 1 14 14 14 14 14 14 14 14 14 14 14 14 14 1 14 1 14 14 14 14 14 14 14 14 14 14 14 14 14 14
14 14 14 14 14 1 14 14 14 14 14 14 14 14 14 14 14 1 14 1 14 14 14 14 14 14 14 14 14 14 14 14 14 1 14 1 14 14 14 14 14 14 14 14 14 14 14 14 14 14
14 14 14 14 14 1 14 14 14 1 14 14 14 14 14 14 14 1 14 1 14 14 14 14 14 14 14 14 14 14 14 14 14 1 14 1 14 14 14 14 14 14 14 14 14 14 14 14 14 14
14 14 14 14 14 14 14 14 14 14 14 14 14 14 14 14 14 1 14 1 14 14 14 14 14 14 14 14 14 14 14 14 14 1 14 1 14 14 14 14 14 14 14 14 14 14 14 14 14 14
14 14 14 14 14 14 2 14 14 14 14 14 14 14 14 14 14 1 14 1 14 14 14 14 14 14 14 14 14 14 14 14 14 1 14 1 14 14 14 14 14 14 14 14 14 14 14 14 14 14
14 14 14 14 14 14 14 14 14 14 14 14 14 14 14 14 14 1 14 1 14 14 14 14 14 14 14 14 14 14 14 14 14 1 14 1 14 14 14 14 14 14 14 14 14 14 14 14 14 14
14 14 14 14 14 14 14 14 14 14 14 14 14 14 14 14 14 1 14 1 14 14 14 14 14 14 14 14 14 14 14 14 14 1 14 1 14 14 14 14 14 14 14 14 14 14 14 14 14 14
14 14 14 14 14 14 14 14 14 14 14 14 14 14 14 14 14 1 14 1 14 14 14 14 14 14 14 14 14 14 14 14 14 1 14 1 14 14 14 14 14 14 14 14 14 14 14 14 14 14
14 1 14 1 14 14 14 14 14 14 14 14 14 14 14 14 14 1 14 1 14 14 14 14 14 14 14 14 14 14 14 14 14 1 14 1 14 14 14 14 14 14 14 14 14 14 14 14 14 14
14 14 14 14 14 14 14 14 14 14 14 14 14 14 14 14 14 1 14 1 14 14 14 14 14 14 14 14 14 14 14 14 14 1 14 1 14 14 14 14 14 14 14 14 14 14 14 14 14 14
14 14 2 14 14 14 14 14 14 14 14 14 14 14 14 14 14 1 14 1 14 14 14 14 14 14 14 14 14 14 14 14 14 1 14 1 14 14 14 14 14 14 14 14 14 14 14 14 14 14
14 14 14 14 14 14 14 14 14 14 14 14 14 14 14 14 14 1 14 1 14 14 14 14 14 14 14 14 14 14 14 14 14 1 14 1 14 14 14 14 14 14 14 14 14 14 14 14 14 14
14 14 14 14 14 1 14 14 14 14 14 14 14 14 14 14 14 1 14 1 14 14 14 14 14 14 14 14 14 14 14 14 14 1 14 1 14 14 14 14 14 14 14 14 14 14 14 14 14 14
14 14 14 14 14 1 14 14 14 14 14 14 14 14 14 14 14 1 14 1 14 14 14 14 14 14 14 14 14 14 14 14 14 1 14 1 14 14 14 14 14 14 14 14 14 14 14 14 14 14
14 14 14 14 14 1 14 14 14 1 14 14 14 14 14 14 14 1 14 1 14 14 14 14 14 14 14 14 14 14 14 14 14 1 14 1 14 14 14 14 14 14 14 14 14 14 14 14 14 14
14 14 14 14 14 14 14 14 14 14 14 14 14 14 14 14 14 1 14 1 14 14 14 14 14 14 14 14 14 14 14 14 14 1 14 1 14 14 14 14 14 14 14 14 14 14 14 14 14 14
14 14 14 14 14 14 2 14 14 14 14 14 14 14 14 14 14 1 14 1 14 14 14 14 14 14 14 14 14 14 14 14 14 1 14 1 14 14 14 14 14 14 14 14 14 14 14 14 14 14
14 14 14 14 14 14 14 14 14 14 14 14 14 14 14 14 14 1 14 1 14 14 14 14 14 14 14 14 14 14 14 14 14 1 14 1 14 14 14 14 14 14 14 14 14 14 14 14 14 14
14 14 14 14 14 14 14 14 14 14 14 14 14 14 14 14 14 1 14 1 14 14 14 14 14 14 14 14 14 14 14 14 14 1 14 1 14 14 14 14 14 14 14 14 14 14 14 14 14 14
14 14 14 14 14 14 14 14 14 14 14 14 14 14 14 14 14 1 14 1 14 14 14 14 14 14 14 14 14 14 14 14 14 1 14 1 14 14 14 14 14 14 14 14 14 14 14 14 14 14
14 1 14 1 14 14 14 14 14 14 14 14 14 14 14 14 14 1 14 1 14 14 14 14 14 14 14 14 14 14 14 14 14 1 14 1 14 14 14 14 14 14 14 14 14 14 14 14 14 14
14 14 14 14 14 14 14 14 14 14 14 14 14 14 14 14 14 1 14 1 14 14 14 14 14 14 14 14 14 14 14 14 14 1 14 1 14 14 14 14 14 14 14 14 14 14 14 14 14 14
14 14 2 14 14 14 14 14 14 14 14 14 14 14 14 14 14 1 14 1 14 14 14 14 14 14 14 14 14 14 14 14 14 1 14 1 14 14 14 14 14 14 14 14 14 14 14 14 14 14
14 14 14 14 14 14 14 14 14 14 14 14 14 14 14 14 14 1 14 1 14 14 14 14 14 14 14 14 14 14 14 14 14 1 14 1 14 14 14 14 14 14 14 14 14 14 14 14 14 14
14 14 14 14 14 1 14 14 14 14 14 14 14 14 14 14 14 1 14 1 14 14 14 14 14 14 14 14 14 14 14 14 14 1 14 1 14 14 14 14 14 14 14 14 14 14 14 14 14 14
14 14 14 14 14 1 14 14 14 14 14 14 14 14 14 14 14 1 14 1 14 14 14 14 14 14 14 14 14 14 14 14 14 1 14 1 14 14 14 14 14 14 14 14 14 14 14 14 14 14
14 14 14 14 14 1 14 14 14 1 14 14 14 14 14 14 14 1 14 1 14 14 14 14 14 14 14 14 14 14 14 14 14 1 14 1 14 14 14 14 14 14 14 14 14 14 14 14 14 14
14 14 14 14 14 14 14 14 14 14 14 14 14 14 14 14 14 1 14 1 14 14 14 14 14 14 14 14 14 14 14 14 14 1 14 1 14 14 14 14 14 14 14 14 14 14 14 14 14 14
14 14 14 14 14 14 2 14 14 14 14 14 14 14 14 14 14 1 14 1 14 14 14 14 14 14 14 14 14 14 14 14 14 1 14 1 14 14 14 14 14 14 14 14 14 14 14 14 14 14
14 14 14 14 14 14 14 14 14 14 14 14 14 14 14 14 14 1 14 1 14 14 14 14 14 14 14 14 14 14 14 14 14 1 14 1 14 14 14 14 14 14 14 14 14 14 14 14 14 14
14 14 14 14 14 14 14 14 14 14 14 14 14 14 14 14 14 1 14 1 14 14 14 14 14 14 14 14 14 14 14 14 14 1 14 1 14 14 14 14 14 14 14 14 14 14 14 14 14 14
14 14 14 14 14 14 14 14 14 14 14 14 14 14 14 14 14 1 14 1 14 14 14 14 14 14 14 14 14 14 14 14 14 1 14 1 14 14 14 14 14 14 14 14 14 14 14 14 14 14
14 1 14 1 14 14 14 14 14 14 14 14 14 14 14 14 14 1 14 1 14 14 14 14 14 14 14 14 14 14 14 14 14 1 14 1 14 14 14 14 14 14 14 14 14 14 14 14 14 14
14 14 14 14 14 14 14 14 14 14 14 14 14 14 14 14 14 1 14 1 14 14 14 14 14 14 14 14 14 14 14 14 14 1 14 1 14 14 14 14 14 14 14 14 14 14 14 14 14 14
14 14 2 14 14 14 14 14 14 14 14 14 14 14 14 14 14 1 14 1 14 14 14 14 14 14 14 14 14 14 14 14 14 1 14 1 14 14 14 14 14 14 14 14 14 14 14 14 14 14
14 14 14 14 14 14 14 14 14 14 14 14 14 14 14 14 14 1 14 1 14 14 14 14 14 14 14 14 14 14 14 14 14 1 14 1 14 14 14 14 14 14 14 14 14 14 14 14 14 14
14 14 14 14 14 1 14 14 14 14 14 14 14 14 14 14 14 1 14 1 14 14 14 14 14 14 14 14 14 14 14 14 14 1 14 1 14 14 14 14 14 14 14 14 14 14 14 14 14 14
14 14 14 14 14 1 14 14 14 14 14 14 14 14 14 14 14 1 14 1 14 14 14 14 14 14 14 14 14 14 14 14 14 1 14 1 14 14 14 14 14 14 14 14 14 14 14 14 14 14
14 14 14 14 14 1 14 14 14 1 14 14 14 14 14 14 14 1 14 1 14 14 14 14 14 14 14 14 14 14 14 14 14 1 14 1 14 14 14 14 14 14 14 14 14 14 14 14 14 14
14 14 14 14 14 14 14 14 14 14 14 14 14 14 14 14 14 1 14 1 14 14 14 14 14 14 14 14 14 14 14 14 14 1 14 1 14 14 14 14 14 14 14 14 14 14 14 14 14 14
14 14 14 14 14 14 2 14 14 14 14 14 14 14 14 14 14 1 14 1 14 14 14 14 14 14 14 14 14 14 14 14 14 1 14 1 14 14 14 14 14 14 14 14 14 14 14 14 14 14
14 14 14 14 14 14 14 14 14 14 14 14 14 14 14 14 14 1 14 1 14 14 14 14 14 14 14 14 14 14 14 14 14 1 14 1 14 14 14 14 14 14 14 14 14 14 14 14 14 14
14 14 14 14 14 14 14 14 14 14 14 14 14 14 14 14 14 1 14 1 14 14 14 14 14 14 14 14 14 14 14 14 14 1 14 1 14 14 14 14 14 14 14 14 14 14 14 14 14 14
14 14 14 14 14 14 14 14 14 14 14 14 14 14 14 14 14 1 14 1 14 14 14 14 14 14 14 14 14 14 14 14 14 1 14 1 14 14 14 14 14 14 14 14 14 14 14 14 14 14
14 14 14 14 14 14 14 14 14 14 14 14 14 14 14 14 14 1 14 1 14 14 14 14 14 14 14 14 14 14 14 14 14 1 14 1 14 14 14 14 14 14 14 14 14 14 14 14 14 14
14 14 14 14 14 14 14 14 14 14 14 14 14 14 14 14 14 1 14 1 14 14 14 14 14 14 14 14 14 14 14 14 14 1 14 1 14 14 14 14 14 14 14 14 14 14 14 14 14 14
